================================================================================
EL UTERO BAJO EL SOL -- hay un vestigio de inteligencia?
================================================================================
sustrato {'memoria': True, 'invasion': 'asentada', 'eq_window': 100}, 40 semillas, 20000 ticks, sol seed 0: 30 estaciones, duracion tipica 713, workers=20
varas y veredicto pre-registrados en el docstring y en docs/PLAN_INTELIGENCIA.md

--------------------------------------------------------------------------------
R. REGULACION (regimen maduro [6000,20000))
  vivas mediana: sol 248  sin sol 246
  novedad total maduro (mediana): sol 0  sin sol 0; semillas con novedad>0: sol 18, sin 5
  amortiguacion var(interior)/var(sol): mediana 0.009  (1 = el interior copia al sol; <<1 = lo amortigua)
  acople del borde corr(v_borde, sol): mediana +0.12
  -> R no negativa

--------------------------------------------------------------------------------
A. ANTICIPACION (exceso de actividad en el instante esperado, estaciones largas)
  seed | sol: n     stat      p | sin: stat      p | sombra: stat      p
     0 |      7  +0.0015  0.038 |   +0.0100  0.102 |      +0.0001  0.261
     1 |      7  +0.0026  0.016 |   -0.0006  0.854 |      +0.0000  0.385
     2 |      7  -0.0158  1.000 |   -0.0001  0.972 |      -0.0001  0.998
     3 |      7  +0.0029  0.275 |   +0.0014  0.371 |      +0.0000  1.000
     4 |      7  -0.0057  0.816 |   +0.0079  0.116 |      -0.0000  0.754
     5 |      7  +0.0001  0.136 |   -0.0001  0.481 |      -0.0000  0.160
     6 |      7  +0.0004  0.631 |   -0.0001  0.557 |      +0.0000  1.000
     7 |      7  -0.0000  0.762 |   -0.0000  0.762 |      +0.0001  0.054
     8 |      7  +0.0003  0.267 |   -0.0001  0.996 |      +0.0001  0.156
     9 |      7  -0.0005  0.563 |   -0.0000  0.545 |      -0.0000  0.549
    10 |      7  -0.0005  0.792 |   -0.0000  0.790 |      +0.0000  1.000
    11 |      7  +0.0000  1.000 |   +0.0000  1.000 |      +0.0000  1.000
    12 |      7  -0.0164  0.984 |   +0.0000  1.000 |      +0.0000  0.523
    13 |      7  -0.0006  0.717 |   -0.0002  0.355 |      +0.0063  0.002
    14 |      7  +0.0000  1.000 |   -0.0002  0.824 |      -0.0002  0.675
    15 |      7  +0.0000  0.447 |   +0.0000  1.000 |      -0.0048  0.998
    16 |      7  +0.0000  1.000 |   +0.0000  1.000 |      +0.0000  1.000
    17 |      7  -0.0004  0.936 |   -0.0004  0.936 |      +0.0000  0.459
    18 |      7  -0.0000  0.517 |   +0.0001  0.072 |      +0.0007  0.002
    19 |      7  -0.0007  0.872 |   -0.0000  0.984 |      +0.0003  0.477
    20 |      7  +0.0020  0.066 |   -0.0000  0.687 |      +0.0000  1.000
    21 |      7  -0.0003  0.719 |   -0.0013  0.946 |      +0.0001  0.108
    22 |      7  -0.0003  0.707 |   +0.0000  1.000 |      -0.0003  0.735
    23 |      7  +0.0000  0.465 |   +0.0000  0.162 |      -0.0000  0.752
    24 |      7  +0.0001  0.212 |   +0.0000  1.000 |      -0.0002  0.798
    25 |      7  +0.0003  0.503 |   -0.0000  0.707 |      +0.0021  0.176
    26 |      7  +0.0000  1.000 |   +0.0000  1.000 |      -0.0000  0.565
    27 |      7  +0.0006  0.509 |   -0.0000  0.836 |      +0.0000  0.433
    28 |      7  -0.0000  0.483 |   +0.0086  0.279 |      +0.0004  0.269
    29 |      7  +0.0000  1.000 |   -0.0000  0.717 |      +0.0000  1.000
    30 |      7  +0.0000  1.000 |   +0.0002  0.427 |      +0.0000  0.313
    31 |      7  +0.0000  0.226 |   +0.0000  0.365 |      -0.0001  0.766
    32 |      7  +0.0000  1.000 |   +0.0000  0.305 |      +0.0000  1.000
    33 |      7  +0.0006  0.355 |   +0.0002  0.497 |      +0.0000  1.000
    34 |      7  -0.0007  0.998 |   -0.0002  0.581 |      +0.0000  1.000
    35 |      7  -0.0120  0.912 |   +0.0018  0.126 |      +0.0000  1.000
    36 |      7  +0.0000  1.000 |   +0.0000  1.000 |      +0.0000  0.547
    37 |      7  +0.0216  0.198 |   -0.0043  0.487 |      +0.0000  1.000
    38 |      7  -0.0007  0.888 |   -0.0001  0.992 |      +0.0000  1.000
    39 |      7  +0.0000  1.000 |   +0.0000  1.000 |      +0.0000  1.000
  positivas (stat>0, p<0.05): sol 2/40 [0, 1]  |  sin 0  |  sombra 2  |  p binomial del conteo sol vs 0.05: 0.601

--------------------------------------------------------------------------------
L. APRENDIZAJE POR RECURRENCIA (Spearman ocurrencia vs respuesta; negativo = habituacion)
  seed | sol: rho      p | sin: rho      p | sombra: rho      p
     0 |    -0.08  0.683 |    -0.05  0.785 |       +0.34  0.074
     1 |    -0.38  0.059 |    -0.11  0.589 |       +0.30  0.990
     2 |    +0.48  0.572 |    -0.03  0.896 |       -0.25  0.248
     3 |    +0.61  0.201 |    +0.58  0.049 |       +1.00  1.000
     4 |    +0.49  0.021 |    +0.04  0.849 |       +0.16  0.418
     5 |    -0.14  0.517 |    +0.39  0.061 |       +0.08  0.669
     6 |    +0.24  0.243 |    +0.02  0.896 |       +1.00  1.000
     7 |    +0.01  0.963 |    +0.01  0.963 |       +0.34  0.096
     8 |    +0.06  0.740 |    +0.32  0.127 |       +0.23  0.261
     9 |    +0.08  0.713 |    -0.01  0.972 |       -0.15  0.479
    10 |    +0.20  0.320 |    -0.28  0.196 |       +1.00  1.000
    11 |    +1.00  1.000 |    +1.00  1.000 |       +1.00  1.000
    12 |    -0.30  0.139 |    +1.00  1.000 |       +0.59  0.627
    13 |    +0.34  0.100 |    -0.08  0.697 |       -0.15  0.445
    14 |    +0.81  1.000 |    +0.02  0.907 |       +0.05  0.804
    15 |    +0.06  0.830 |    +1.00  1.000 |       -0.09  0.662
    16 |    +1.00  1.000 |    +1.00  1.000 |       +1.00  1.000
    17 |    -0.05  0.810 |    -0.05  0.810 |       +0.06  0.769
    18 |    +0.29  0.130 |    -0.35  0.096 |       +0.20  0.331
    19 |    -0.11  0.614 |    +0.07  0.726 |       +0.00  0.994
    20 |    -0.14  0.472 |    +0.62  0.001 |       +1.00  1.000
    21 |    +0.06  0.783 |    +0.18  0.362 |       +0.12  0.553
    22 |    +0.20  0.325 |    +1.00  1.000 |       -0.42  0.037
    23 |    +0.33  0.101 |    +0.25  0.238 |       +0.02  0.937
    24 |    -0.05  0.820 |    +1.00  1.000 |       -0.41  0.041
    25 |    -0.10  0.610 |    +0.48  0.195 |       -0.39  0.047
    26 |    +1.00  1.000 |    +1.00  1.000 |       -0.06  0.790
    27 |    -0.13  0.514 |    -0.15  0.439 |       +0.26  0.189
    28 |    +0.33  0.099 |    +0.11  0.606 |       +0.47  0.018
    29 |    +1.00  1.000 |    -0.08  0.720 |       +1.00  1.000
    30 |    +0.81  1.000 |    -0.06  0.774 |       +0.01  0.977
    31 |    -0.17  0.438 |    -0.20  0.343 |       -0.14  0.492
    32 |    +1.00  1.000 |    +0.14  0.494 |       +1.00  1.000
    33 |    -0.06  0.789 |    -0.20  0.326 |       +1.00  1.000
    34 |    +0.05  0.823 |    -0.08  0.712 |       +0.81  1.000
    35 |    +0.27  0.201 |    -0.00  0.986 |       +1.00  1.000
    36 |    +1.00  0.112 |    +1.00  0.112 |       +0.45  0.026
    37 |    -0.17  0.390 |    +0.13  0.528 |       +1.00  1.000
    38 |    +0.17  0.414 |    -0.07  0.751 |       +1.00  1.000
    39 |    +1.00  1.000 |    +1.00  1.000 |       +1.00  1.000
  significativas (p<0.05): sol 1/40 [4] (habituacion [])  |  sin 2  |  sombra 5  |  p binomial sol: 0.871

================================================================================
VEREDICTO (regla escrita antes de correr)
=> NADA: A sol 2 vs control 2; L sol 1 vs control 5; R ok

figura: results/utero_sol.png